5 0.046218487394957986 0.49414348462664714 0.07983193277310924 0.1390922401171303
2 0.2657563025210084 0.45314787701317716 0.046218487394957986 0.08931185944363104
2 0.5551470588235294 0.3323572474377745 0.03466386554621849 0.06442166910688141
22 0.18855042016806722 0.0636896046852123 0.05777310924369748 0.0629575402635432
22 0.3482142857142857 0.08711566617862372 0.05357142857142857 0.048316251830161056
22 0.5152310924369747 0.15300146412884333 0.03046218487394958 0.036603221083455345
19 0.14915966386554622 0.14568081991215226 0.16176470588235295 0.2796486090775988
19 0.3382352941176471 0.15373352855051245 0.12815126050420167 0.24890190336749635
19 0.4847689075630252 0.19326500732064422 0.11239495798319328 0.24011713030746706
19 0.5961134453781513 0.15300146412884333 0.09558823529411764 0.19765739385065886
