21 0.057692307692307696 0.36894586894586895 0.08653846153846154 0.08262108262108261
21 0.1530448717948718 0.396011396011396 0.08493589743589744 0.06837606837606838
21 0.24919871794871795 0.4031339031339031 0.07532051282051282 0.07122507122507123
21 0.3453525641025641 0.3945868945868946 0.09134615384615384 0.07122507122507123
21 0.7467948717948718 0.42165242165242167 0.08012820512820513 0.06837606837606838
21 0.657051282051282 0.42450142450142453 0.08012820512820513 0.06837606837606838
14 0.4879807692307692 0.8105413105413105 0.052884615384615384 0.36182336182336183
14 0.046474358974358976 0.5327635327635327 0.04807692307692308 0.22792022792022792
14 0.13141025641025642 0.5512820512820513 0.04487179487179487 0.21367521367521367
14 0.22516025641025642 0.5427350427350427 0.04326923076923077 0.2535612535612536
14 0.3229166666666667 0.5384615384615384 0.03685897435897436 0.2621082621082621
14 0.6185897435897436 0.5569800569800569 0.03205128205128205 0.20797720797720798
14 0.7083333333333334 0.5555555555555556 0.02564102564102564 0.22792022792022792
14 0.8068910256410257 0.5512820512820513 0.030448717948717948 0.21367521367521367
14 0.8966346153846154 0.5598290598290598 0.030448717948717948 0.24786324786324787
