17 0.14275862068965517 0.5177215189873418 0.06206896551724138 0.2
17 0.08344827586206896 0.14936708860759493 0.05655172413793103 0.13164556962025317
17 0.17310344827586208 0.0949367088607595 0.04551724137931035 0.1291139240506329
17 0.3910344827586207 0.08227848101265822 0.05103448275862069 0.1291139240506329
17 0.5972413793103448 0.8531645569620253 0.04689655172413793 0.19746835443037974
17 0.48344827586206895 0.3962025316455696 0.04275862068965517 0.16455696202531644
17 0.5827586206896552 0.36835443037974686 0.04 0.13924050632911392
17 0.6062068965517241 0.11645569620253164 0.034482758620689655 0.11139240506329114
17 0.5593103448275862 0.07468354430379746 0.05103448275862069 0.13924050632911392
17 0.6586206896551724 0.2721518987341772 0.037241379310344824 0.1341772151898734
17 0.3606896551724138 0.27848101265822783 0.034482758620689655 0.12658227848101267
