22 0.48583984375 0.7063802083333334 0.0615234375 0.09765625
22 0.826171875 0.6666666666666666 0.048828125 0.1015625
22 0.2294921875 0.3841145833333333 0.037109375 0.06770833333333333
19 0.52294921875 0.44140625 0.1337890625 0.2994791666666667
19 0.75390625 0.4036458333333333 0.150390625 0.2994791666666667
19 0.9443359375 0.6412760416666666 0.107421875 0.2513020833333333
19 0.16650390625 0.4186197916666667 0.0537109375 0.09765625
19 0.3740234375 0.4778645833333333 0.05859375 0.09375
19 0.2216796875 0.634765625 0.103515625 0.22005208333333334
19 0.09033203125 0.5462239583333334 0.0849609375 0.15234375
