22 0.5203125 0.3540031397174254 0.040625 0.03296703296703297
22 0.603125 0.37205651491365777 0.03125 0.04081632653061224
22 0.31354166666666666 0.42229199372056514 0.05 0.04709576138147567
22 0.20416666666666666 0.40188383045525905 0.041666666666666664 0.05023547880690738
22 0.6447916666666667 0.37205651491365777 0.029166666666666667 0.03767660910518053
22 0.7151041666666667 0.3602825745682888 0.019791666666666666 0.03610675039246468
22 0.5385416666666667 0.21036106750392464 0.022916666666666665 0.015698587127158554
22 0.75 0.23233908948194662 0.016666666666666666 0.02197802197802198
19 0.2515625 0.23076923076923078 0.103125 0.22919937205651492
19 0.5536458333333333 0.2401883830455259 0.065625 0.15698587127158556
19 0.6682291666666667 0.2566718995290424 0.059375 0.13657770800627944
19 0.7541666666666667 0.25274725274725274 0.04791666666666667 0.14442700156985872
19 0.825 0.24332810047095763 0.04583333333333333 0.11616954474097331
19 0.8880208333333334 0.2668759811616955 0.026041666666666668 0.10361067503924647
19 0.9229166666666667 0.2794348508634223 0.022916666666666665 0.07535321821036106
19 0.95 0.2653061224489796 0.027083333333333334 0.06907378335949764
