22 0.9583333333333334 0.5 0.07 0.1025
22 0.7591666666666667 0.40875 0.056666666666666664 0.0525
22 0.765 0.46625 0.055 0.07
22 0.5495833333333333 0.3925 0.035833333333333335 0.03
22 0.5579166666666666 0.431875 0.04083333333333333 0.04375
19 0.8654166666666666 0.158125 0.15416666666666667 0.27875
19 0.7116666666666667 0.181875 0.11166666666666666 0.20875
19 0.5254166666666666 0.224375 0.11083333333333334 0.17875
19 0.44416666666666665 0.240625 0.07333333333333333 0.13875
19 0.6254166666666666 0.198125 0.07416666666666667 0.18625
