22 0.6182291666666667 0.46597222222222223 0.13020833333333334 0.21805555555555556
22 0.3338541666666667 0.4965277777777778 0.030208333333333334 0.020833333333333332
22 0.5552083333333333 0.5368055555555555 0.029166666666666667 0.018055555555555554
22 0.9505208333333334 0.225 0.019791666666666666 0.025
22 0.5921875 0.19236111111111112 0.019791666666666666 0.018055555555555554
22 0.7864583333333334 0.2111111111111111 0.020833333333333332 0.016666666666666666
22 0.821875 0.44305555555555554 0.01875 0.019444444444444445
22 0.14947916666666666 0.2111111111111111 0.028125 0.022222222222222223
19 0.13958333333333334 0.24861111111111112 0.08541666666666667 0.16944444444444445
19 0.346875 0.23819444444444443 0.07916666666666666 0.19583333333333333
19 0.59375 0.22847222222222222 0.1 0.15694444444444444
19 0.7838541666666666 0.2222222222222222 0.078125 0.15833333333333333
19 0.9458333333333333 0.2513888888888889 0.07083333333333333 0.16666666666666666
19 0.33229166666666665 0.5361111111111111 0.08958333333333333 0.16944444444444445
19 0.5515625 0.5604166666666667 0.06770833333333333 0.16805555555555557
19 0.80625 0.49583333333333335 0.075 0.16111111111111112
14 0.58125 0.7923611111111111 0.15625 0.2875
14 0.26979166666666665 0.825 0.08958333333333333 0.3416666666666667
14 0.17864583333333334 0.4826388888888889 0.14270833333333333 0.2513888888888889
15 0.828125 0.6958333333333333 0.17708333333333334 0.35
15 0.39375 0.4736111111111111 0.15416666666666667 0.37777777777777777
2 0.5760416666666667 0.33055555555555555 0.020833333333333332 0.03333333333333333
