18 0.2929042904290429 0.625 0.054455445544554455 0.09705882352941177
18 0.14521452145214522 0.8102941176470588 0.0594059405940594 0.061764705882352944
18 0.556930693069307 0.5573529411764706 0.028052805280528052 0.03235294117647059
18 0.3325082508250825 0.6838235294117647 0.04455445544554455 0.08529411764705883
0 0.9141914191419142 0.15588235294117647 0.036303630363036306 0.058823529411764705
0 0.5222772277227723 0.31029411764705883 0.024752475247524754 0.03823529411764706
6 0.7458745874587459 0.4602941176470588 0.0858085808580858 0.1676470588235294
1 0.07013201320132013 0.3779411764705882 0.03135313531353135 0.12058823529411765
1 0.4504950495049505 0.2529411764705882 0.0297029702970297 0.041176470588235294
1 0.33828382838283827 0.3352941176470588 0.033003300330033 0.058823529411764705
1 0.2268976897689769 0.3985294117647059 0.054455445544554455 0.12058823529411765
1 0.9504950495049505 0.5308823529411765 0.052805280528052806 0.2088235294117647
18 0.594059405940594 0.9191176470588235 0.0594059405940594 0.15
18 0.6377887788778878 0.888235294117647 0.06435643564356436 0.1411764705882353
