4 0.17375 0.07268722466960352 0.2125 0.12599118942731277
2 0.85 0.14801762114537445 0.1625 0.11806167400881057
4 0.711875 0.3052863436123348 0.03375 0.03612334801762115
2 0.189375 0.27312775330396477 0.02625 0.03524229074889868
2 0.2625 0.6718061674008811 0.035 0.07312775330396476
4 0.940625 0.32555066079295153 0.01875 0.030837004405286344
1 0.20875 0.6647577092511013 0.0625 0.055506607929515416
0 0.148125 0.6647577092511013 0.04375 0.051982378854625554
0 0.53875 0.14977973568281938 0.1925 0.20088105726872246
0 0.73875 0.5982378854625551 0.0525 0.06872246696035242
14 0.70875 0.8885462555066079 0.1575 0.08546255506607929
