22 0.8416666666666667 0.3016453382084095 0.06111111111111111 0.056672760511883
22 0.6064814814814815 0.2340036563071298 0.044444444444444446 0.04204753199268738
22 0.33796296296296297 0.19926873857404023 0.05555555555555555 0.031078610603290677
22 0.17083333333333334 0.21755027422303475 0.05092592592592592 0.04204753199268738
22 0.2523148148148148 0.43555758683729434 0.0787037037037037 0.07221206581352833
22 0.46064814814814814 0.43921389396709326 0.03796296296296296 0.06307129798903108
22 0.7351851851851852 0.5114259597806216 0.05925925925925926 0.04661791590493602
19 0.8851851851851852 0.32312614259597805 0.18333333333333332 0.30987202925045704
19 0.6412037037037037 0.25045703839122485 0.15648148148148147 0.2851919561243144
19 0.46111111111111114 0.20840950639853748 0.14444444444444443 0.27239488117001825
19 0.1597222222222222 0.2312614259597806 0.14166666666666666 0.226691042047532
19 0.32314814814814813 0.22212065813528337 0.13703703703703704 0.2340036563071298
19 0.1837962962962963 0.5310786106032906 0.2675925925925926 0.360146252285192
