22 0.7796875 0.1125 0.08854166666666667 0.058333333333333334
22 0.23385416666666667 0.30972222222222223 0.028125 0.022222222222222223
22 0.45625 0.31875 0.025 0.018055555555555554
22 0.10572916666666667 0.325 0.026041666666666668 0.022222222222222223
19 0.7364583333333333 0.2652777777777778 0.21666666666666667 0.4638888888888889
19 0.5802083333333333 0.3729166666666667 0.05625 0.07916666666666666
19 0.45260416666666664 0.3486111111111111 0.06770833333333333 0.10833333333333334
19 0.3078125 0.3416666666666667 0.05520833333333333 0.075
19 0.3640625 0.3763888888888889 0.030208333333333334 0.07222222222222222
19 0.17864583333333334 0.375 0.036458333333333336 0.05
19 0.22239583333333332 0.35625 0.09270833333333334 0.21805555555555556
19 0.1078125 0.34444444444444444 0.06145833333333333 0.11944444444444445
19 0.051041666666666666 0.33611111111111114 0.04375 0.11388888888888889
19 0.014583333333333334 0.35347222222222224 0.027083333333333334 0.08472222222222223
14 0.2625 0.6395833333333333 0.36041666666666666 0.35694444444444445
14 0.33229166666666665 0.4888888888888889 0.09166666666666666 0.18055555555555555
14 0.48489583333333336 0.4930555555555556 0.08020833333333334 0.19166666666666668
