9 0.2392857142857143 0.37445887445887444 0.06904761904761905 0.15151515151515152
9 0.32857142857142857 0.2012987012987013 0.06190476190476191 0.14285714285714285
9 0.6226190476190476 0.3484848484848485 0.07380952380952381 0.16017316017316016
9 0.8178571428571428 0.3333333333333333 0.07380952380952381 0.1471861471861472
9 0.7226190476190476 0.5151515151515151 0.07380952380952381 0.17316017316017315
9 0.3273809523809524 0.538961038961039 0.05952380952380952 0.16017316017316016
9 0.23333333333333334 0.05411255411255411 0.05714285714285714 0.10822510822510822
9 0.14285714285714285 0.21212121212121213 0.047619047619047616 0.18181818181818182
9 0.41785714285714287 0.3528138528138528 0.06428571428571428 0.16883116883116883
9 0.32857142857142857 0.9069264069264069 0.06666666666666667 0.15151515151515152
9 0.7297619047619047 0.8917748917748918 0.06428571428571428 0.13852813852813853
