19 0.41025641025641024 0.3253424657534247 0.05641025641025641 0.16210045662100456
19 0.25256410256410255 0.3584474885844749 0.04871794871794872 0.1689497716894977
19 0.04230769230769231 0.3687214611872146 0.05128205128205128 0.14840182648401826
19 0.791025641025641 0.3299086757990868 0.05128205128205128 0.14840182648401826
19 0.7102564102564103 0.273972602739726 0.041025641025641026 0.1187214611872146
19 0.9602564102564103 0.18949771689497716 0.041025641025641026 0.1095890410958904
19 0.9121794871794872 0.1780821917808219 0.03461538461538462 0.0958904109589041
14 0.023717948717948717 0.6757990867579908 0.03974358974358974 0.2557077625570776
14 0.13846153846153847 0.6244292237442922 0.028205128205128206 0.24885844748858446
14 0.5403846153846154 0.7785388127853882 0.06025641025641026 0.319634703196347
21 0.8826923076923077 0.3641552511415525 0.08076923076923077 0.09360730593607305
21 0.9576923076923077 0.3207762557077626 0.07435897435897436 0.08904109589041095
