22 0.944 0.9130952380952381 0.032 0.030952380952380953
22 0.6813333333333333 0.6357142857142857 0.034666666666666665 0.03333333333333333
22 0.4066666666666667 0.6797619047619048 0.034666666666666665 0.04047619047619048
22 0.156 0.655952380952381 0.037333333333333336 0.02142857142857143
22 0.36533333333333334 0.6321428571428571 0.018666666666666668 0.03571428571428571
22 0.6393333333333333 0.6107142857142858 0.02266666666666667 0.05
22 0.8986666666666666 0.8821428571428571 0.018666666666666668 0.05
22 0.5693333333333334 0.9404761904761905 0.021333333333333333 0.0380952380952381
22 0.6113333333333333 0.9833333333333333 0.030666666666666665 0.01904761904761905
22 0.158 0.49047619047619045 0.02 0.023809523809523808
22 0.4866666666666667 0.39166666666666666 0.013333333333333334 0.016666666666666666
0 0.876 0.10238095238095238 0.032 0.09523809523809523
19 0.6246666666666667 0.8464285714285714 0.07333333333333333 0.13095238095238096
19 0.30466666666666664 0.8654761904761905 0.06266666666666666 0.1595238095238095
19 0.41333333333333333 0.5523809523809524 0.06666666666666667 0.12380952380952381
19 0.49066666666666664 0.37976190476190474 0.064 0.1357142857142857
19 0.7186666666666667 0.38095238095238093 0.050666666666666665 0.10476190476190476
19 0.8793333333333333 0.37857142857142856 0.04933333333333333 0.08571428571428572
19 0.9446666666666667 0.7678571428571429 0.068 0.10238095238095238
19 0.048 0.42142857142857143 0.048 0.1
19 0.9626666666666667 0.5047619047619047 0.058666666666666666 0.13333333333333333
19 0.68 0.5059523809523809 0.072 0.09285714285714286
19 0.358 0.305952380952381 0.036 0.07380952380952381
