22 0.6103395061728395 0.5173611111111112 0.09722222222222222 0.09027777777777778
22 0.1284722222222222 0.4982638888888889 0.06095679012345679 0.04513888888888889
22 0.3792438271604938 0.5075231481481481 0.0470679012345679 0.03587962962962963
22 0.4525462962962963 0.46875 0.04552469135802469 0.08796296296296297
22 0.7021604938271605 0.4670138888888889 0.038580246913580245 0.0775462962962963
22 0.30092592592592593 0.5104166666666666 0.024691358024691357 0.041666666666666664
15 0.3132716049382716 0.7962962962962963 0.06327160493827161 0.38425925925925924
19 0.5752314814814815 0.13483796296296297 0.1875 0.2604166666666667
19 0.10493827160493827 0.2945601851851852 0.1111111111111111 0.20949074074074073
19 0.8564814814814815 0.36689814814814814 0.046296296296296294 0.09953703703703703
19 0.8931327160493827 0.3883101851851852 0.02546296296296296 0.08912037037037036
19 0.36959876543209874 0.3761574074074074 0.06635802469135803 0.15046296296296297
19 0.23842592592592593 0.359375 0.06018518518518518 0.11458333333333333
