19 0.4737516005121639 0.43394077448747154 0.06914212548015365 0.22095671981776766
19 0.6299615877080665 0.3940774487471526 0.0998719590268886 0.20045558086560364
19 0.7151088348271447 0.38724373576309795 0.0499359795134443 0.11845102505694761
19 0.2676056338028169 0.46583143507972663 0.056338028169014086 0.09339407744874716
19 0.09218950064020487 0.4783599088838269 0.06402048655569782 0.10478359908883828
14 0.17285531370038412 0.7266514806378133 0.03585147247119078 0.1958997722095672
14 0.06658130601792574 0.7687927107061503 0.058898847631242 0.22095671981776766
14 0.7823303457106274 0.8075170842824602 0.03841229193341869 0.3621867881548975
14 0.3412291933418694 0.7414578587699316 0.03201024327784891 0.23462414578587698
11 0.2407170294494238 0.6343963553530751 0.12291933418693982 0.2255125284738041
