10 0.22827586206896552 0.7088607594936709 0.05931034482758621 0.08607594936708861
10 0.3289655172413793 0.7316455696202532 0.0703448275862069 0.08607594936708861
10 0.40827586206896554 0.7240506329113924 0.05517241379310345 0.0810126582278481
10 0.4724137931034483 0.7367088607594937 0.05379310344827586 0.0759493670886076
10 0.5579310344827586 0.7278481012658228 0.06206896551724138 0.08354430379746836
10 0.6262068965517241 0.7227848101265822 0.05517241379310345 0.08354430379746836
10 0.6903448275862069 0.7215189873417721 0.05931034482758621 0.08607594936708861
10 0.7903448275862069 0.7430379746835443 0.06896551724137931 0.07848101265822785
10 0.8731034482758621 0.7544303797468355 0.07448275862068965 0.09620253164556962
10 0.9593103448275863 0.7658227848101266 0.0703448275862069 0.08860759493670886
10 0.3351724137931035 0.5430379746835443 0.0496551724137931 0.05822784810126582
10 0.3020689655172414 0.5860759493670886 0.0496551724137931 0.06329113924050633
10 0.3910344827586207 0.5949367088607594 0.04275862068965517 0.05569620253164557
10 0.463448275862069 0.610126582278481 0.05517241379310345 0.060759493670886074
10 0.6075862068965517 0.5632911392405063 0.05379310344827586 0.053164556962025315
10 0.7910344827586206 0.6177215189873417 0.05655172413793103 0.05569620253164557
10 0.8648275862068966 0.6189873417721519 0.057931034482758624 0.05822784810126582
10 0.9420689655172414 0.6227848101265823 0.060689655172413794 0.060759493670886074
20 0.17793103448275863 0.3569620253164557 0.35310344827586204 0.27341772151898736
