5 0.240625 0.43074324324324326 0.01875 0.04391891891891892
5 0.4875 0.46677927927927926 0.0203125 0.03265765765765766
14 0.706640625 0.625 0.02734375 0.23198198198198197
14 0.912109375 0.6447072072072072 0.04296875 0.29617117117117114
14 0.845703125 0.6019144144144144 0.04765625 0.2376126126126126
14 0.344140625 0.5827702702702703 0.03828125 0.21509009009009009
14 0.602734375 0.553490990990991 0.03984375 0.20157657657657657
19 0.248828125 0.31981981981981983 0.07734375 0.1463963963963964
19 0.359375 0.32207207207207206 0.0578125 0.08558558558558559
19 0.485546875 0.34459459459459457 0.07421875 0.14414414414414414
19 0.61015625 0.3130630630630631 0.046875 0.08783783783783784
19 0.732421875 0.30349099099099097 0.04921875 0.09346846846846847
19 0.848828125 0.3108108108108108 0.04453125 0.09234234234234234
19 0.9453125 0.3344594594594595 0.0625 0.09009009009009009
