10 0.24768518518518517 0.12757201646090535 0.0787037037037037 0.18106995884773663
10 0.3269675925925926 0.13580246913580246 0.06365740740740741 0.18518518518518517
10 0.4149305555555556 0.16563786008230452 0.07060185185185185 0.16666666666666666
10 0.4930555555555556 0.17901234567901234 0.05787037037037037 0.16872427983539096
10 0.5711805555555556 0.17901234567901234 0.061342592592592594 0.1934156378600823
10 0.6377314814814815 0.1779835390946502 0.06712962962962964 0.13786008230452676
10 0.7141203703703703 0.19135802469135801 0.0787037037037037 0.1646090534979424
10 0.8142361111111112 0.1286008230452675 0.0775462962962963 0.13786008230452676
10 0.8234953703703703 0.2757201646090535 0.07291666666666667 0.13991769547325103
10 0.8402777777777778 0.4104938271604938 0.07407407407407407 0.12551440329218108
10 0.8454861111111112 0.5555555555555556 0.08217592592592593 0.13168724279835392
10 0.8767361111111112 0.7088477366255144 0.10532407407407407 0.14609053497942387
10 0.9108796296296297 0.8755144032921811 0.10648148148148148 0.16255144032921812
10 0.8113425925925926 0.9176954732510288 0.11574074074074074 0.15637860082304528
10 0.7928240740740741 0.75 0.09490740740740741 0.16666666666666666
10 0.7511574074074074 0.5946502057613169 0.08796296296296297 0.12757201646090535
10 0.7517361111111112 0.4588477366255144 0.07291666666666667 0.13168724279835392
10 0.7528935185185185 0.345679012345679 0.07523148148148148 0.10699588477366255
10 0.6591435185185185 0.3477366255144033 0.08217592592592593 0.10699588477366255
10 0.65625 0.4825102880658436 0.08333333333333333 0.12551440329218108
10 0.6568287037037037 0.6409465020576132 0.07523148148148148 0.14609053497942387
10 0.6863425925925926 0.8220164609053497 0.08796296296296297 0.16255144032921812
10 0.6041666666666666 0.815843621399177 0.08564814814814815 0.16666666666666666
10 0.48900462962962965 0.7253086419753086 0.08449074074074074 0.17078189300411523
10 0.47685185185185186 0.5195473251028807 0.0763888888888889 0.12962962962962962
10 0.5850694444444444 0.5030864197530864 0.07523148148148148 0.14609053497942387
10 0.36921296296296297 0.5257201646090535 0.08333333333333333 0.15843621399176955
10 0.2847222222222222 0.7541152263374485 0.1087962962962963 0.23251028806584362
10 0.15914351851851852 0.7685185185185185 0.1076388888888889 0.23251028806584362
10 0.17650462962962962 0.5370370370370371 0.09606481481481481 0.20164609053497942
10 0.2980324074074074 0.3446502057613169 0.07291666666666667 0.15843621399176955
10 0.37962962962962965 0.3425925925925926 0.06481481481481481 0.16255144032921812
10 0.46064814814814814 0.35802469135802467 0.06481481481481481 0.1728395061728395
10 0.5491898148148148 0.3425925925925926 0.08217592592592593 0.15432098765432098
10 0.19907407407407407 0.3446502057613169 0.08101851851851852 0.1831275720164609
