5 0.2947916666666667 0.14128440366972478 0.0375 0.029357798165137616
5 0.3572916666666667 0.24495412844036699 0.027083333333333334 0.027522935779816515
5 0.7432291666666667 0.22660550458715598 0.030208333333333334 0.01651376146788991
5 0.0109375 0.26513761467889907 0.021875 0.01651376146788991
14 0.37395833333333334 0.6660550458715596 0.2520833333333333 0.5981651376146789
14 0.7838541666666666 0.5697247706422018 0.2760416666666667 0.44954128440366975
19 0.2786458333333333 0.20825688073394497 0.11145833333333334 0.25504587155963304
19 0.7302083333333333 0.2889908256880734 0.0875 0.1963302752293578
19 0.9119791666666667 0.30825688073394497 0.06145833333333333 0.12844036697247707
19 0.5958333333333333 0.30825688073394497 0.06666666666666667 0.11009174311926606
19 0.024479166666666666 0.28623853211009176 0.04895833333333333 0.13577981651376148
19 0.9744791666666667 0.3321100917431193 0.04895833333333333 0.15412844036697249
19 0.6578125 0.3055045871559633 0.06770833333333333 0.1743119266055046
