10 0.38046875 0.4334470989761092 0.0453125 0.07849829351535836
10 0.46015625 0.44112627986348124 0.0390625 0.06996587030716724
10 0.5046875 0.4513651877133106 0.040625 0.07337883959044368
10 0.5421875 0.45307167235494883 0.034375 0.06655290102389079
10 0.578125 0.44795221843003413 0.034375 0.08020477815699659
10 0.609375 0.43430034129692835 0.0375 0.06996587030716724
10 0.6546875 0.43856655290102387 0.04375 0.06484641638225255
13 0.68984375 0.3506825938566553 0.1046875 0.33276450511945393
14 0.23046875 0.2363481228668942 0.1265625 0.3293515358361775
14 0.38203125 0.2380546075085324 0.1796875 0.2781569965870307
