21 0.42875 0.6677740863787376 0.1275 0.09966777408637874
21 0.6 0.6744186046511628 0.13 0.07973421926910298
21 0.74125 0.6312292358803987 0.1175 0.09966777408637874
21 0.26 0.6179401993355482 0.085 0.09302325581395349
21 0.18 0.5813953488372093 0.09 0.10631229235880399
21 0.68375 0.2857142857142857 0.0425 0.03322259136212625
21 0.55375 0.292358803986711 0.0325 0.03322259136212625
21 0.49375 0.29900332225913623 0.0275 0.03322259136212625
21 0.4025 0.30066445182724255 0.035 0.023255813953488372
21 0.1175 0.5182724252491694 0.055 0.059800664451827246
21 0.83125 0.2840531561461794 0.0575 0.036544850498338874
