0 0.17901234567901234 0.1747159090909091 0.08641975308641975 0.15625
0 0.2795414462081129 0.6917613636363636 0.09700176366843033 0.22443181818181818
0 0.5352733686067019 0.36079545454545453 0.04409171075837742 0.09090909090909091
0 0.6137566137566137 0.4005681818181818 0.042328042328042326 0.09659090909090909
0 0.42151675485008816 0.328125 0.04938271604938271 0.07670454545454546
0 0.3492063492063492 0.3494318181818182 0.04585537918871252 0.08522727272727272
17 0.2830687830687831 0.24005681818181818 0.037037037037037035 0.09375
17 0.37389770723104054 0.19744318181818182 0.03880070546737213 0.08238636363636363
17 0.7019400352733686 0.28551136363636365 0.03880070546737213 0.10511363636363637
1 0.5776014109347443 0.7102272727272727 0.13580246913580246 0.21022727272727273
