2 0.17028985507246377 0.11559139784946236 0.043478260869565216 0.11827956989247312
1 0.12047101449275362 0.11559139784946236 0.04528985507246377 0.12365591397849462
14 0.4990942028985507 0.543010752688172 0.09963768115942029 0.2903225806451613
14 0.8559782608695652 0.46102150537634407 0.04528985507246377 0.20698924731182797
14 0.7771739130434783 0.4543010752688172 0.03260869565217391 0.23655913978494625
14 0.6322463768115942 0.5524193548387096 0.06521739130434782 0.1532258064516129
21 0.2318840579710145 0.5147849462365591 0.1956521739130435 0.08870967741935484
21 0.41757246376811596 0.4583333333333333 0.16485507246376813 0.10483870967741936
21 0.5579710144927537 0.46102150537634407 0.10869565217391304 0.07258064516129033
21 0.7246376811594203 0.40591397849462363 0.08333333333333333 0.06989247311827956
21 0.8125 0.40860215053763443 0.08152173913043478 0.04838709677419355
