22 0.18382352941176472 0.05929721815519766 0.05042016806722689 0.05417276720351391
22 0.34611344537815125 0.09077598828696926 0.04726890756302521 0.043923865300146414
22 0.5162815126050421 0.15300146412884333 0.03046218487394958 0.03367496339677892
22 0.6281512605042017 0.11273792093704246 0.025210084033613446 0.02635431918008785
22 0.6827731092436975 0.17642752562225475 0.01680672268907563 0.021961932650073207
2 0.2668067226890756 0.4538799414348463 0.04201680672268908 0.08784773060029283
5 0.04569327731092437 0.4868228404099561 0.08088235294117647 0.13030746705710103
14 0.46113445378151263 0.6888726207906296 0.15966386554621848 0.493411420204978
14 0.5661764705882353 0.5446559297218155 0.1407563025210084 0.48316251830161056
14 0.25892857142857145 0.6793557833089312 0.25735294117647056 0.6266471449487555
19 0.1486344537815126 0.14714494875549047 0.16071428571428573 0.2913616398243045
19 0.3387605042016807 0.17130307467057102 0.11239495798319328 0.24890190336749635
19 0.4884453781512605 0.19472913616398244 0.10084033613445378 0.2430453879941435
19 0.6013655462184874 0.16617862371888725 0.08088235294117647 0.212298682284041
19 0.717436974789916 0.212298682284041 0.06092436974789916 0.13469985358711567
19 0.7998949579831933 0.23645680819912152 0.03046218487394958 0.06881405563689605
