19 0.8158967391304348 0.31769436997319034 0.09375 0.26541554959785524
19 0.5699728260869565 0.3900804289544236 0.07744565217391304 0.2225201072386059
19 0.3702445652173913 0.41152815013404825 0.07744565217391304 0.22788203753351208
19 0.1480978260869565 0.353887399463807 0.07608695652173914 0.23056300268096513
17 0.8933423913043478 0.25335120643431636 0.09103260869565218 0.20107238605898123
17 0.6664402173913043 0.2640750670241287 0.05298913043478261 0.16353887399463807
17 0.43478260869565216 0.3820375335120643 0.0625 0.13136729222520108
17 0.22486413043478262 0.4383378016085791 0.05570652173913043 0.16353887399463807
14 0.30502717391304346 0.33646112600536193 0.05570652173913043 0.5120643431635389
14 0.5129076086956522 0.289544235924933 0.050271739130434784 0.35924932975871315
14 0.7384510869565217 0.2774798927613941 0.08288043478260869 0.5335120643431636
