12 0.2951388888888889 0.5602189781021898 0.5810185185185185 0.13503649635036497
13 0.7517361111111112 0.5565693430656934 0.39699074074074076 0.39416058394160586
10 0.5202546296296297 0.19434306569343066 0.03125 0.04927007299270073
10 0.49247685185185186 0.20164233576642335 0.02662037037037037 0.04927007299270073
10 0.46585648148148145 0.2125912408759124 0.028935185185185185 0.05656934306569343
10 0.05381944444444445 0.2892335766423358 0.052083333333333336 0.07116788321167883
10 0.0954861111111111 0.28102189781021897 0.03819444444444445 0.05474452554744526
10 0.3894675925925926 0.21624087591240876 0.02662037037037037 0.041970802919708027
10 0.4184027777777778 0.26277372262773724 0.03356481481481482 0.06934306569343066
10 0.21238425925925927 0.26186131386861317 0.03125 0.05656934306569343
