9 0.7266129032258064 0.21951219512195122 0.05967741935483871 0.07804878048780488
9 0.9096774193548387 0.4219512195121951 0.06451612903225806 0.11707317073170732
9 0.2306451612903226 0.21707317073170732 0.07419354838709677 0.1073170731707317
9 0.3629032258064516 0.5817073170731707 0.08387096774193549 0.1
9 0.23387096774193547 0.8195121951219512 0.054838709677419356 0.1073170731707317
9 0.049193548387096775 0.7658536585365854 0.09516129032258064 0.14634146341463414
9 0.2564516129032258 0.4548780487804878 0.08709677419354839 0.13414634146341464
9 0.4080645161290323 0.3951219512195122 0.041935483870967745 0.06829268292682927
9 0.8032258064516129 0.374390243902439 0.05161290322580645 0.06097560975609756
9 0.6395161290322581 0.6146341463414634 0.0532258064516129 0.06829268292682927
9 0.7435483870967742 0.04024390243902439 0.05806451612903226 0.07073170731707316
9 0.09516129032258064 0.43414634146341463 0.054838709677419356 0.07317073170731707
