9 0.16845238095238096 0.17232142857142857 0.0630952380952381 0.11607142857142858
9 0.5732142857142857 0.2875 0.05357142857142857 0.07857142857142857
9 0.6708333333333333 0.13660714285714284 0.036904761904761905 0.0625
9 0.26666666666666666 0.025 0.0380952380952381 0.05
9 0.11488095238095238 0.04196428571428571 0.05119047619047619 0.08035714285714286
9 0.09761904761904762 0.5589285714285714 0.05238095238095238 0.060714285714285714
9 0.29523809523809524 0.20535714285714285 0.03333333333333333 0.060714285714285714
17 0.3529761904761905 0.5017857142857143 0.02738095238095238 0.05357142857142857
17 0.4511904761904762 0.5660714285714286 0.023809523809523808 0.060714285714285714
17 0.5898809523809524 0.4785714285714286 0.02738095238095238 0.05714285714285714
17 0.9125 0.5321428571428571 0.034523809523809526 0.05714285714285714
17 0.65 0.5258928571428572 0.023809523809523808 0.06964285714285715
